2.008961134110991
1.999537657950787
1.98288791433443
1.989220250052342
2.007814313045166
2.016377559166599
2.007814314185945
1.989220252231888
1.982887917959218
1.999537666882964
2.00896114334043
2.019789852385223
2.017469154170561
1.944746096509252
1.965937423524647
2.029419113282919
2.033906069678674
2.029419115557288
1.965937427863321
1.944746103364714
2.017469169013713
2.019789864465371
2.020268894350143
2.063296667234319
1.919978420070101
1.933191689669867
2.067796967256566
2.038669144281601
2.067796970543154
1.933191692939558
1.919978427028439
2.063296679644714
2.020268900320324
2.017934065843142
2.070693705721767
1.924357587377062
1.911246393212023
2.066518072838381
2.042324268078363
2.066518076143858
1.911246394739137
1.92435759336505
2.070693715417923
2.017934068902723
2.02050976068166
2.025779674386066
1.94786850597447
1.941926461102853
2.028734933836281
2.047378123269799
2.028734935955584
1.941926463070095
1.94786850992218
2.025779680332266
2.020509762974752
2.019863059875994
2.009438262936688
1.961040282233236
1.960480305265523
2.013669122789515
2.044677604280041
2.013669124283098
1.960480307249308
1.961040284495241
2.009438265916403
2.019863062131256
2.01846059705009
2.025616379133727
1.95339979382635
1.950466996130606
2.028541795341547
2.043579610039295
2.028541796658289
1.950466997551457
1.953399794331043
2.025616381458164
2.018460599199964
2.011369706248639
2.06518139743774
1.928400463542859
1.924825087812727
2.064441098261664
2.031468505296196
2.064441099984419
1.924825088011179
1.928400463315426
2.065181400677975
2.011369707615538
2.00773725365312
2.062401879937669
1.930269637256757
1.932241299015136
2.0627258444051
2.023547093210122
2.062725845544101
1.932241298258492
1.930269638415834
2.062401883020656
2.007737253940764
2.006906116486337
2.016950066667409
1.96195319068946
1.964460487357949
2.021901202256946
2.025443962567431
2.021901202570661
1.964460486972966
1.961953192222966
2.016950067814725
2.006906115882138
2.001992278371721
1.998287024270917
1.986290597842376
1.987886405215243
2.00306392632509
2.011625449536429
2.003063926253836
1.987886405140066
1.986290598521476
1.998287024365065
2.001992277971715
