2.113248654051871  2.113248654051871  
2.113248654051871  2.113248654051871  
2.113248654051871  2.113248654051871  
2.113248654051871  2.113248654051871  
2.113248654051871  2.113248654051871  
2.113248654051871  2.113248654051871  
2.113248654051871  2.113248654051871  
2.113248654051871  2.113248654051871  
2.113248654051871  2.113248654051871  
2.113248654051871  2.113248654051871  
2.113248654051871  2.113248654051871  
2.113248654051871  2.113248654051871  
2.113248654051871  2.113248654051871  
2.113248654051871  2.113248654051871  
2.113248654051871  2.113248654051871  
2.113248654051871  2.113248654051871  
