1.59506
0.810817
1.8686
1.20109
0.35709
2.5837
1.35943
1.14474
1.67405
1.29876
0.390048
0.850154
0.86411
0.587422
5.37685
0.416558
0.616427
0.49066
0.309062
0.825109
0.760279
4.61851
0.779561
0.344999
4.97019
3.43728
0.79483
0.22176
0.641063
0.85561
1.31794
0.770155
1.55803
1.47978
0.28631
0.38753
0.476586
0.601808
0.725731
1.01255
0.0483554
0.633171
3.46408
0.344142
2.54398
1.41952
0.971411
1.20016
0.209076
0.918935
4.97262
1.10335
1.04224
0.479904
0.969656
1.26156
1.53171
0.688797
0.789422
7.5662
0.104522
9.29471
1.40153
2.71845
0.189349
0.554308
0.757248
1.5261
0.188209
1.60261
0.297349
1.06843
1.92006
1.38688
2.95244
2.73485
0.521572
1.29312
0.388921
0.266658
2.52143
1.00005
0.946562
2.48712
1.81228
1.41935
3.49122
2.53398
1.27095
0.501395
0.521235
3.294
0.199522
0.975835
0.142438
2.77458
2.36722
1.00116
0.931614
0.0832186
