    0.0132
    0.0021
    0.0103
    1.0858
    1.0826
    0.0095
    0.0060
    0.8985
    0.0110
    0.0033
    0.0092
    0.0169
    0.8602
    0.9727
    1.0665
    0.9216
    0.0081
    0.9095
    0.9139
    0.0067
    0.0106
    0.9095
    0.0133
    0.0114
    1.0787
    0.0090
    0.0093
    0.0122
    0.0068
    0.9710
    1.0127
    1.0819
    0.0065
    0.9936
    1.0312
    0.9740
    0.0058
    0.9673
    0.0113
    0.0096
    0.9575
    0.0069
    0.0080
    0.9359
    0.8479
    1.0942
    1.0799
    0.9013
    0.0106
    1.1047
    0.0107
    1.0601
    0.0077
    0.9920
    1.0113
    0.8833
    0.0086
    1.0389
    0.8717
    0.0102
    0.0084
    0.9391
    0.0067
    0.0128
    0.0132
    0.0067
    0.0131
    0.0131
    0.9586
    0.9568
    1.1416
    1.0047
    0.0031
    1.0414
    0.0076
    0.0063
    0.0127
    1.0180
    1.0476
    0.0154
    1.0150
    0.9222
    1.0808
    1.0924
    0.8685
    0.0118
    0.8638
    0.0099
    0.0069
    0.8406
    0.0103
    0.0130
    0.0105
    0.0164
    0.0080
    0.0125
    0.0133
    1.1157
    0.0076
    0.0072