0.012228
0.00082023
-0.005689
0.0085832
-0.0067836
-0.0078068
0.0054239
-0.0058169
-0.010421
-0.0078699
-0.0063733
-0.013713
-0.0074222
0.00527
0.02165
-0.0058728
0.0059861
0.017801
-0.00015834
-0.0037948
0.0020995
0.0020787
-0.008226
0.001137
-0.0059269
-0.010972
0.0011851
0.0089909
0.0059776
1.7467e-05
0.0070275
0.010792
-0.001408
-0.003278
0.0071165
-8.3729e-05
0.018687
-0.01296
-0.014934
-0.010628
0.0013878
-0.00058095
-0.0023808
0.0093604
-0.0015248
0.0051617
0.016275
0.011581
-0.0048768
0.022198
0.0097198
0.0023163
-0.010648
0.017029
-0.001116
-0.0011385
0.00029379
0.0022603
0.022128
0.013525
-0.00080341
0.015895
-0.003517
-0.010667
-0.0045564
-0.0060706
-0.0012468
-0.00068686
0.0082619
-0.0070499
0.010002
-0.0030637
0.0051182
0.018387
0.0013595
0.0050154
-0.0069389
0.00232
-0.0078867
-0.0017164
-0.0070763
0.00090403
-0.0088093
0.0085712
0.002638
-0.012828
-0.019594
-0.015048
-0.0093375
-0.0001112
0.0038333
-0.0121
-0.017928
-0.004983
-0.017092
-0.0023967
-0.011564
0.004447
-0.0063905
0.00066404
