-0.0393023987545  
-0.0393984828097  
-0.0286475277554  
0.0141112605181  
-0.00475343839912  
0.0131900943537  
-0.00896545347178  
0.00148642157555  
-0.0033379059226  
0.0472333121252  
0.00856889981569  
-0.0172964325013  
-0.0080974450029  
0.0187827418832  
-0.0622470765054  
-0.0139634670208  
0.0124726578916  
0.0091992419516  
-0.0548659969077  
-0.00788736890249  
0.00353418474857  
0.0266744505936  
0.0297365887555  
-0.0130765463858  
0.0128423900867  
-0.00302132664288  
-0.0106521146048  
0.0337592186267  
0.000600856740537  
0.0551715041804  
0.0251827652296  
0.00581136118043  
-0.0269920581459  
0.0113691527168  
0.0566699747108  
-0.0125933739252  
-0.00895406550793  
-0.0610628413005  
0.00375197851197  
0.00315980380125  
0.0268700010007  
-0.00056629851651  
0.000341570474838  
0.0052205798436  
-0.0350362082591  
0.0127683490904  
0.0129118289987  
-0.0376380196619  
0.0128422458218  
-0.0372962975495  
-0.0318987054606  
0.0223023724545  
-0.0262060324982  
-0.131502850221  
-0.026709717602  
-0.0364579334491  
-0.0068946283243  
0.0150976915938  
-0.0104007836309  
0.0607040383428  
0.0324121932962  
0.00894178947839  
0.0339731758216  
0.00207424733495  
0.0226667322898  
0.0204433606284  
0.00181880812791  
0.0173001870965  
-0.00805811957342  
-0.0143422579944  
0.0382846354119  
-0.00473964647647  
0.0118038125489  
-0.0133085796568  
0.0434665923187  
-0.00867341522981  
0.00629192235899  
0.044716361018  
0.0941290366165  
-0.0159169574982  
0.00245786932872  
-0.00363796487094  
-0.0228978103548  
-0.0113781273961  
-0.0317946908325  
0.00979349636536  
-0.0150059386219  
0.0551263211024  
-0.0141486875294  
-0.0085318704921  
-0.00661884141066  
0.00792169612825  
0.0447450040944  
-0.0371412917149  
0.0201039094981  
0.00669584751235  
-0.0163203855787  
0.0170565399684  
-0.0164926107051  
0.00808752580783  
