0  
0.000107829179644176  
0.0001519012490129155  
0.000225052175207707  
0.000302647994483939  
0.0003827917162469117  
0.0004527090986742498  
0.0004669732836746834  
0.0004272042905098561  
0.0003427490970541031  
0.0002392392745830294  
0.0001309464007084374  
6.648514405772168e-05  
2.896689103815588e-05  
8.87910182190734e-06  
2.402770849440571e-06  
0.0004237481450964296  
0.0005938684591071654  
0.0008731086889263424  
0.001165228276531426  
0.001462165878681497  
0.00171414513805963  
0.001756552651445081  
0.001598190661885367  
0.00127677071561944  
0.0008884480882858656  
0.0004852498708911507  
0.0002462106689731008  
0.0001072949293084216  
3.290245214633686e-05  
8.879101442958125e-06  
0.001392339769821008  
0.001945563436249174  
0.002852715412120479  
0.003801424536007645  
0.004766132836703212  
0.005585549038597978  
0.005723987171351264  
0.005208989136588261  
0.004162418825829402  
0.002897090029373246  
0.001582593693040615  
0.0008030251687826015  
0.0003499261212867782  
0.0001072949447621968  
2.896689397067856e-05  
0.003234458871118427  
0.004501613863440062  
0.006576415000068588  
0.008744659780097652  
0.01094908575850586  
0.01282104429640747  
0.01313509835590919  
0.01195247111800036  
0.009551324393193387  
0.006648238011635857  
0.003631931858045469  
0.001842891633059543  
0.0008030251687826004  
0.0002462107044350337  
6.648515078604126e-05  
0.006662911521107338  
0.009196825420813643  
0.01331467236066444  
0.01758577564854328  
0.02189623914191005  
0.02551014312245191  
0.02605044837298402  
0.02364821769591873  
0.01886514687340091  
0.01311594721869022  
0.007159645728009798  
0.003631931858045467  
0.001582593693040613  
0.0004852499407906514  
0.000130946413972239  
0.01357336974173679  
0.01841974911724213  
0.02614241408432521  
0.03398662579728432  
0.04173320212411591  
0.04797953792682603  
0.04856310534120094  
0.04378738470580313  
0.03475823000335117  
0.02408325670123742  
0.01311594721869021  
0.006648238011635857  
0.002897090029373238  
0.0008884482163118525  
0.0002392392988872151  
0.02253478965512646  
0.02993749775205573  
0.04141277841106781  
0.05271776087678073  
0.06351777193260537  
0.07168246264088261  
0.07164468667923463  
0.06397206336390471  
0.0504160308608353  
0.03475823000335103  
0.01886514687340087  
0.009551324393193381  
0.004162418825829389  
0.001276770899702926  
0.0003427491320197656  
0.0342755397871547  
0.04432243890647113  
0.05930707899374153  
0.07342222666205164  
0.08622502979173888  
0.09484936274611128  
0.09313518197080393  
0.08201638800960624  
0.06397206336390444  
0.043787384705803  
0.02364821769591868  
0.01195247111800034  
0.005208989136588236  
0.001598190892496823  
0.0004272043343406423  
0.04810118398394195  
0.06025726998726251  
0.07748550643534091  
0.09271745637806346  
0.1054555472460371  
0.1122697662255297  
0.1077220053578003  
0.09313518197080367  
0.07164468667923442  
0.04856310534120075  
0.02605044837298397  
0.01313509835590916  
0.005723987171351228  
0.001756552905193395  
0.0004669733319285664  
0.06274352687759416  
0.07588186057841152  
0.09330784704801405  
0.1073774416774483  
0.1176310468821497  
0.1203953787125355  
0.1122697662255294  
0.09484936274611083  
0.07168246264088227  
0.04797953792682575  
0.02551014312245179  
0.01282104429640738  
0.005585549038597924  
0.001714145386055437  
0.0004527091458450718  
0.07877920560689135  
0.09121608808420183  
0.1060549281574172  
0.1161349947183053  
0.1211596126743967  
0.1176310468821492  
0.1054555472460366  
0.08622502979173827  
0.06351777193260491  
0.04173320212411561  
0.02189623914190988  
0.01094908575850577  
0.004766132836703158  
0.001462166090707761  
0.000382791756558723  
0.08996457606501589  
0.1002890511661975  
0.1110131549173378  
0.1163317020707032  
0.1161349947183051  
0.107377441677448  
0.09271745637806304  
0.07342222666205112  
0.0527177608767804  
0.03398662579728402  
0.01758577564854315  
0.008744659780097565  
0.003801424536007607  
0.001165228445907933  
0.0003026480266480208  
0.09771610652061487  
0.1049338888769868  
0.1106539224116933  
0.1110131549173375  
0.1060549281574169  
0.09330784704801354  
0.07748550643534038  
0.05930707899374103  
0.04141277841106741  
0.02614241408432496  
0.01331467236066432  
0.006576415000068518  
0.002852715412120444  
0.0008731088161890652  
0.0002250521993241795  
0.1019845387163751  
0.1050473125358816  
0.1049338896963954  
0.1002890524499497  
0.09121608971396744  
0.07588186237470443  
0.06025727169546161  
0.04432244034895576  
0.02993749883253106  
0.01841974983304906  
0.009196825798278093  
0.004501614052833955  
0.001945563518999173  
0.0005938685714241254  
0.0001519012720419398  
0.1022158717648894  
0.1019845391475369  
0.0977161069622684  
0.08996457665991332  
0.07877920629627472  
0.06274352758183904  
0.04810118462088956  
0.03427554030398716  
0.02253479003047753  
0.01357336998487554  
0.006662911647249143  
0.003234458934003238  
0.001392339797253919  
0.0004237482156809759  
0.0001078291935178793  
