0  
0  
0  
0  
-0.3127827022  
0.405298231  
-0.405298231  
0.3127827022  
0.132033466  
-0.1498745368  
0.1498745368  
-0.132033466  
0.3127827022  
-0.405298231  
0.405298231  
-0.3127827022  
0  
0  
0  
0  
1.271633623e-16  
-1.270034425e-15  
-6.311140846e-16  
8.137750456e-16  
0.3457115106  
0.6542774253  
-0.6542774253  
-0.3457115106  
-1.355889684e-15  
2.553296116e-16  
-1.057097118e-16  
1.46052197e-15  
0  
0  
0  
0  
-0.405298231  
0.3127827022  
-0.3127827022  
0.405298231  
0.1498745368  
-0.132033466  
0.132033466  
-0.1498745368  
0.405298231  
-0.3127827022  
-0.405298231  
0.3127827022  
0  
0  
0  
0  
8.137750456e-16  
-1.270034425e-15  
-6.311140846e-16  
1.271633623e-16  
-0.3457115106  
-0.6542774253  
0.6542774253  
0.3457115106  
2.553296116e-16  
-1.057097118e-16  
1.46052197e-15  
-1.355889684e-15  
0  
0  
0  
0  
0.405298231  
0.3127827022  
-0.3127827022  
-0.405298231  
-0.1498745368  
0.132033466  
-0.132033466  
0.1498745368  
-0.405298231  
0.3127827022  
-0.3127827022  
0.405298231  
0  
0  
0  
0  
-6.311140846e-16  
1.271633623e-16  
8.137750456e-16  
-1.270034425e-15  
-0.6542774253  
0.3457115106  
-0.3457115106  
0.6542774253  
-1.057097118e-16  
-1.355889684e-15  
1.46052197e-15  
2.553296116e-16  
0  
0  
0  
0  
-0.3127827022  
0.3127827022  
0.405298231  
-0.405298231  
0.132033466  
-0.132033466  
-0.1498745368  
0.1498745368  
0.3127827022  
-0.3127827022  
-0.405298231  
0.405298231  
0  
0  
0  
0  
8.137750456e-16  
1.271633623e-16  
-6.311140846e-16  
-1.270034425e-15  
0.3457115106  
-0.3457115106  
-0.6542774253  
0.6542774253  
-1.355889684e-15  
1.46052197e-15  
-1.057097118e-16  
2.553296116e-16  
0  
0  
0  
0  
0.3127827022  
-0.3127827022  
0.405298231  
-0.405298231  
-0.132033466  
-0.1498745368  
0.132033466  
0.1498745368  
-0.3127827022  
-0.405298231  
0.3127827022  
0.405298231  
0  
0  
0  
0  
8.137750456e-16  
-6.311140846e-16  
-1.270034425e-15  
1.271633623e-16  
-0.6542774253  
-0.3457115106  
0.6542774253  
0.3457115106  
-1.057097118e-16  
1.46052197e-15  
2.553296116e-16  
-1.355889684e-15  
