0.0141112605181 
-0.00896545347178 
0.00148642157555 
0.00856889981569 
-0.0172964325013 
0.0187827418832 
-0.0139634670208 
0.0124726578916 
0.0091992419516 
-0.0130765463858 
0.0128423900867 
-0.0106521146048 
0.000600856740537 
0.00581136118043 
0.0113691527168 
-0.0125933739252 
-0.00895406550793 
0.00375197851197 
0.00315980380125 
-0.00056629851651 
0.000341570474838 
0.0052205798436 
0.0127683490904 
0.0129118289987 
0.0128422458218 
-0.0068946283243 
0.0150976915938 
-0.0104007836309 
0.00207424733495 
0.0173001870965 
-0.00805811957342 
-0.0143422579944 
-0.00473964647647 
0.0118038125489 
-0.0133085796568 
-0.00867341522981 
0.00629192235899 
-0.0159169574982 
0.00245786932872 
-0.0113781273961 
-0.0141486875294 
-0.0085318704921 
-0.00661884141066 
0.00792169612825 
0.00669584751235 
-0.0163203855787 
0.0170565399684 
-0.0164926107051 
0.00808752580783 
