3.00402811951313
1
3.006928464556312
1
3.006307998227635
1
3.006125388344733
1
3.006051663853432
1
3.006031354375744
1
3.00605166389544
1
3.006125388387887
1
3.006307998327888
1
3.006928464789738
1
3.004028119673587
1
3.007308475644745
1
3.013662521853548
1
3.012820166097876
1
3.012445748843209
1
3.012285884878917
1
3.012239759787653
1
3.012285884961128
1
3.01244574892205
1
3.012820166290497
1
3.013662522303691
1
3.007308475932815
1
3.006293780861128
1
3.013017476074567
1
3.012893313050567
1
3.012623398930237
1
3.012471857898142
1
3.01242422657841
1
3.01247185797511
1
3.012623398995673
1
3.012893313229279
1
3.013017476489407
1
3.006293781102437
1
3.005768117703143
1
3.012056297123207
1
3.012360226774732
1
3.012326365909978
1
3.012248492717314
1
3.012217892712721
1
3.012248492785299
1
3.012326365957692
1
3.012360226930688
1
3.01205629749515
1
3.005768117915387
1
3.005299837327817
1
3.011032307672352
1
3.011423144776866
1
3.011551117917556
1
3.011564831177788
1
3.01156037091042
1
3.011564831231605
1
3.011551117938666
1
3.011423144902261
1
3.01103230800453
1
3.005299837516064
1
3.004765158837182
1
3.009853719463882
1
3.010202698077777
1
3.010379529428922
1
3.010447862334513
1
3.010463780377438
1
3.01044786236841
1
3.010379529415244
1
3.010202698165876
1
3.009853719757229
1
3.004765159004674
1
3.004117232805427
1
3.008453538335193
1
3.008715681125297
1
3.008877577099004
1
3.008959286185084
1
3.00898341675816
1
3.008959286195225
1
3.008877577044149
1
3.008715681169159
1
3.008453538590135
1
3.004117232956557
1
3.003332504094451
1
3.006790180468995
1
3.00695975664388
1
3.007084261155275
1
3.007157683441581
1
3.00718146240759
1
3.00715768343108
1
3.007084261059387
1
3.006959756639965
1
3.00679018068642
1
3.003332504234425
1
3.002394967060533
1
3.004836152662347
1
3.004935404912014
1
3.005027580248102
1
3.00508698377937
1
3.005106884583212
1
3.005086983776109
1
3.005027580125996
1
3.004935404867612
1
3.004836152853156
1
3.002394967186408
1
3.001285577059094
0.9999996157265537
3.002580800223553
0.999999519411836
3.002652074276182
0.9999995213062601
3.002727556679912
0.9999995213994012
3.002777136754697
0.9999995214450196
3.002794031377673
0.9999995214583258
3.002777136778007
0.9999995214450195
3.002727556624824
0.9999995213994008
3.002652074264754
0.9999995213062598
3.002580800354482
0.9999995194118297
3.001285577131387
0.9999998983337426
3.000341712477302
0.8375665001833204
3.000686745756897
0.6730079290387027
3.000721121386793
0.6706666869082436
3.000757528695407
0.6693396235004971
3.000781821879161
0.6687167833972684
3.000790295466207
0.6685400236052007
3.000781821891625
0.6687167830072145
3.000757528717903
0.6693396260800708
3.00072112141692
0.670666687692227
3.000686745787377
0.6730079237847071
3.000341712483884
0.8375667796278605
