0.0
-0.011207144983828
  -0.032911721198349
  -0.053601979649239
  -0.073923798698297
  -0.094208747845616
  -0.114581083542343
  -0.135080312176128
  -0.155705807819034
  -0.176436552696939
  -0.197236893271331
  -0.010056944794753
  -0.030598478943239
  -0.051537890304943
  -0.072381144422157
  -0.093128515077792
  -0.113844620918850
  -0.134571121577990
  -0.155326958261719
  -0.176117566391399
  -0.196939562246461
  -0.009820438377488
  -0.029823548345802
  -0.050409968106420
  -0.071275181312088
  -0.092200653450466
  -0.113117860278057
  -0.134012565818035
  -0.154887041277113
  -0.175749288951320
  -0.196608973850500
  -0.009722530566562
  -0.029505116260589
  -0.049873129213556
  -0.070628160925934
  -0.091573636682278
  -0.112575125766883
  -0.133565488033433
  -0.154518848819627
  -0.175433218897043
  -0.196322580186050
  -0.009687593506668
  -0.029382350463740
  -0.049651304780165
  -0.070338214185233
  -0.091266756525521
  -0.112292032474558
  -0.133321914703144
  -0.154312206629059
  -0.175252381956181
  -0.196157290741425
  -0.009687593506764
  -0.029382350464245
  -0.049651304781614
  -0.070338214188441
  -0.091266756530985
  -0.112292032482462
  -0.133321914713582
  -0.154312206641730
  -0.175252381971300
  -0.196157290758743
  -0.009722530550536
  -0.029505116204850
  -0.049873129114936
  -0.070628160801027
  -0.091573636556846
  -0.112575125660537
  -0.133565487951414
  -0.154518848758618
  -0.175433218851306
  -0.196322580149786
  -0.009820438377543
  -0.029823548346520
  -0.050409968109530
  -0.071275181320163
  -0.092200653466310
  -0.113117860302915
  -0.134012565850091
  -0.154887041313856
  -0.175749288990118
  -0.196608973888955
  -0.010056944892500
  -0.030598479269438
  -0.051537890758557
  -0.072381144835489
  -0.093128515413708
  -0.113844621182087
  -0.134571121787891
  -0.155326958437625
  -0.176117566547291
  -0.196939562391632
  -0.011207144756254
  -0.032911720788122
  -0.053601979345323
  -0.073923798504320
  -0.094208747736892
  -0.114581083496533
  -0.135080312171101
  -0.155705807835301
  -0.176436552721014
  -0.197236893295058
