0.0
-0.003956403986228
  -0.010354192466842
  -0.014235674309704
  -0.016501305913069
  -0.017781419018093
  -0.018472899395871
  -0.018831452969856
  -0.019030912630931
  -0.019193580979626
  -0.019397781568074
  -0.002451330352833
  -0.006997979890634
  -0.010416096201823
  -0.012515621344797
  -0.013718911152518
  -0.014363830068507
  -0.014690149064168
  -0.014864201970212
  -0.015004161254031
  -0.015198060136614
  -0.001566775028961
  -0.004548063334966
  -0.006999648038921
  -0.008680073505958
  -0.009685419533812
  -0.010233471661356
  -0.010510153065288
  -0.010653955668988
  -0.010766795936315
  -0.010936310793762
  -0.000886089325659
  -0.002584944380224
  -0.004029935679095
  -0.005082646907878
  -0.005747555153685
  -0.006119534178263
  -0.006309116873097
  -0.006406567659346
  -0.006481903442364
  -0.006600312540029
  -0.000287498307619
  -0.000840199711650
  -0.001316493917654
  -0.001672273584463
  -0.001903325104166
  -0.002035239889754
  -0.002102997285871
  -0.002137743445411
  -0.002164453035982
  -0.002207159666790
   0.000287498285323
   0.000840199648496
   0.001316493811912
   0.001672273440480
   0.001903324943179
   0.002035239729214
   0.002102997134253
   0.002137743307075
   0.002164452914376
   0.002207159566931
   0.000886089118846
   0.002584943779761
   0.004029934743976
   0.005082645733191
   0.005747553842091
   0.006119532802279
   0.006309115472288
   0.006406566254379
   0.006481902040181
   0.006600311133576
   0.001566775009242
   0.004548063277070
   0.006999647941194
   0.008680073374619
   0.009685419388027
   0.010233471513941
   0.010510152921899
   0.010653955534786
   0.010766795814777
   0.010936310682244
   0.002451330640850
   0.006997980663030
   0.010416097206010
   0.012515622397307
   0.013718912223016
   0.014363831150237
   0.014690150159237
   0.014864203079636
   0.015004162379103
   0.015198061270911
   0.003956403745746
   0.010354191968992
   0.014235673775682
   0.016501305343646
   0.017781418416995
   0.018472898780224
   0.018831452358321
   0.019030912023752
   0.019193580376428
   0.019397780960744
